-9223095841541329832
-9221170208783290616
-9216837090601406022
-9212738221831376884
-9206780267514943436
-9201848666155906001
-9199787834379669004
-9191339304672534887
-9186308304498689962
-9156431864895361721
-9150104040821089798
-9133970004280220068
-9133391012979716014
-9127173005056963981
-9126581543133326268
-9121715354713430545
-9102157320679844395
-9095601587868442337
-9080014436337419227
-9078172396199828184
-9077272961695829163
-9055147807471803894
-9053429990442076600
-9034446549562053490
-8985932267034952478
-8966136068307497323
-8906566052506946914
-8894206702523257396
-8874081521839139120
-8873774251076912969
-8852350958001354638
-8846779904686181165
-8787180587029449682
-8706142313308120961
-8675375180069692935
-8652909955333748559
-8620899243979604889
-8566176724054951870
-8536103331042758922
-8448488274371471479
-8351706363799045410
-8140898317560440592
-8133916705215103565
-7843075963139692734
-7717213374780518421
-7633986415175708515
-7596511323249148543
-7445240207195351889
-7416682675494529312
-7397689691312667821
-6918100457110995786
-6840136685747286868
-6546178023186129074
-6354530962969616658
-6268641877909573597
-5996567020724950024
-5560964045139684184
-5283972363901688049
-5255049632771148595
-5232739472268307655
-5000033238790465975
-3782795478610711822
-3714521012737698299
-3648933449155681670
-3629956634429614221
-3572962318105255109
-2164888965717823307
-2126919546074889581
-166190144593388166
-251255491724083422
821872825454421461
983963808286372933
1357385499792045558
1365573726907302433
1442629035656809527
2106619855582073844
2451752385731308296
2830358953529075191
2884041764921874827
3478651860075636495
4286131561597642191
5473440921705749013
5485264494359981777
5515398550559062057
6008950526559491858
6327938610612074089
6642156125509451696
6760039458802680721
7650193920511735029
8562701311601035948
